0 -1 -2 -3 -4 -5 -6 -7 -8 -9 -10 -11 -12 -13 -14 -15 -16 
-1 -1 0 -1 -2 -3 -4 -5 -6 -7 -8 -9 -10 -11 -12 -13 -14 
-2 -2 0 -1 0 -1 -2 -3 -4 -5 -6 -7 -8 -9 -10 -11 -12 
-3 -3 -1 -1 -1 -1 -2 -3 -2 -3 -4 -5 -6 -7 -8 -9 -10 
-4 -4 -2 0 -1 0 -1 -2 -3 -3 -4 -5 -6 -5 -6 -7 -8 
-5 -3 -3 -1 -1 -1 1 0 -1 -2 -2 -3 -4 -5 -4 -5 -6 
-6 -4 -2 -2 0 -1 0 0 -1 -2 -3 -1 -2 -3 -4 -5 -6 
-7 -5 -3 -3 -1 -1 -1 -1 -1 -2 -3 -2 -2 -3 -4 -5 -6 
-8 -6 -4 -4 -2 -2 0 0 -1 -2 -1 -2 -1 -2 -2 -3 -4 
-9 -7 -5 -5 -3 -3 -1 1 0 -1 -1 -2 -1 -2 -1 -2 -3 
-10 -8 -6 -6 -4 -4 -2 0 2 1 0 -1 -2 -2 -2 0 -1 
-11 -9 -7 -5 -5 -3 -3 -1 1 1 0 -1 -2 -1 -2 -1 -1 
-12 -10 -8 -6 -6 -4 -2 -2 0 0 2 1 0 -1 0 -1 -2 
-13 -11 -9 -7 -7 -5 -3 -3 -1 1 1 1 0 -1 -1 1 0 
-14 -12 -10 -8 -6 -6 -4 -4 -2 0 0 2 1 0 -1 0 0 
-15 -13 -11 -9 -7 -7 -5 -5 -3 -1 -1 1 1 0 -1 -1 -1 
-16 -14 -12 -10 -8 -8 -6 -4 -4 -2 0 0 2 1 1 0 -1 
